spawns:
  default:
    world: 58fac3af-0ca5-4c33-8bbe-a8e0beab153f
    world-name: world
    x: 5227.52116508662
    y: 60.0
    z: 816.4985402926337
    yaw: 90.6153564453125
    pitch: 7.265409469604492
